,LotFrontage,LotArea,MasVnrArea,BsmtFinSF1,BsmtFinSF2,BsmtUnfSF,TotalBsmtSF,1stFlrSF,2ndFlrSF,LowQualFinSF,GrLivArea,GarageArea,WoodDeckSF,OpenPorchSF,EnclosedPorch,3SsnPorch,ScreenPorch,PoolArea,MiscVal,SalePrice,YearBuilt,YearRemodAdd,BsmtFullBath,BsmtHalfBath,FullBath,HalfBath,BedroomAbvGr,KitchenAbvGr,TotRmsAbvGrd,Fireplaces,GarageYrBlt,GarageCars
LotFrontage,1.0,0.649632968379,0.258906086319,0.154013660423,0.0525155524527,0.119436409238,0.386206206459,0.427678450695,0.0551106154902,-0.0302303449676,0.375844042546,0.378051820112,0.109288009465,0.178073167874,-0.0958107502097,0.0639596416408,0.043848671496,0.0845340575023,0.0241977133248,0.409075517955,0.194510069117,0.116772267297,0.0859899804132,-0.00385399827247,0.220233586752,0.0967772341679,0.327678970532,0.00223114739211,0.36599927314,0.245314744342,0.115694338195,0.351756065832
LotArea,0.649632968379,1.0,0.177538640091,0.171994664696,0.0720188343865,0.0778297901019,0.366196555878,0.443857850608,0.119356357677,-0.0202545405464,0.449039505613,0.367153493835,0.184285238156,0.176964678544,-0.0665631700894,0.0622820518473,0.0923155657804,0.0844595368533,0.0592974897729,0.456460583391,0.103384996606,0.0751580951691,0.0956090347679,0.0459695741964,0.235376629649,0.142658037142,0.337787912332,-0.0227520817226,0.405923863118,0.350198394123,0.0417960565317,0.340195277042
MasVnrArea,0.258906086319,0.177538640091,1.0,0.241565382554,-0.0613421304234,0.0755608799666,0.360103954028,0.35235105082,0.0631619612415,-0.106994250361,0.322678432456,0.364754808767,0.173736001968,0.208681025923,-0.179589075377,0.0409968573924,0.0381710901076,0.00486255720672,-0.0502785571367,0.421309499329,0.402349038636,0.234332632386,0.121003992406,0.032869622848,0.290366109969,0.168776383596,0.113137176206,-0.0493868514728,0.263911713482,0.255626752559,0.305964057784,0.401605900346
BsmtFinSF1,0.154013660423,0.171994664696,0.241565382554,1.0,0.0503978512078,-0.573637662821,0.410412613583,0.323477971681,-0.1912361451,-0.0790542793921,0.057470743612,0.244161292177,0.179359446567,0.081420182172,-0.148339296071,0.0468016326074,0.0719892625026,0.0575864806945,0.00509740275061,0.30187120358,0.189644721612,0.0633526657128,0.674174505572,0.0907120690554,0.0119855411776,-0.0139072652328,-0.0841636760681,-0.106368752928,-0.0500624581359,0.192264355854,0.0789350961869,0.181380815241
BsmtFinSF2,0.0525155524527,0.0720188343865,-0.0613421304234,0.0503978512078,1.0,-0.27100665516,0.0701556865696,0.0674614526633,-0.101563807616,0.001716471945,-0.0515067656876,-0.00729510606564,0.0693425174995,-0.0689906577678,0.0415239649122,-0.0160789277035,0.0587158548403,0.0680756662385,0.0303631668103,-0.0388061320459,-0.111692499318,-0.126086034951,0.154020862512,0.124688879422,-0.105592112624,-0.0497040758951,0.00976695164855,-0.0372561372798,-0.0593623733326,0.0298860007332,-0.153578881462,-0.0641664092795
BsmtUnfSF,0.119436409238,0.0778297901019,0.0755608799666,-0.573637662821,-0.27100665516,1.0,0.328854996545,0.22365249287,0.0597743467679,0.0203568784361,0.253340435449,0.109166747313,-0.0348661510584,0.156126904682,0.0442416131581,0.0134178232627,-0.0124469300572,-0.0368090835299,-0.044460141598,0.185196629421,0.139014491097,0.176921209812,-0.447472423934,-0.097733528534,0.250857767211,-0.00418164715392,0.157728816135,0.000273157289227,0.26106861637,0.0719388009286,0.192027465334,0.161053028867
TotalBsmtSF,0.386206206459,0.366196555878,0.360103954028,0.410412613583,0.0701556865696,0.328854996545,1.0,0.829291930357,-0.28608736587,-0.0810982015878,0.371025693035,0.486685440256,0.231044559772,0.270321399534,-0.171537745851,0.0491725227011,0.0886903860661,0.0470668127078,-0.0611796878755,0.602725444892,0.427187206469,0.299042115792,0.301537797564,0.000279284909886,0.328036470719,-0.104724876631,0.0585495763451,-0.0248722033937,0.233912671002,0.325686982677,0.338223610162,0.455507894704
1stFlrSF,0.427678450695,0.443857850608,0.35235105082,0.323477971681,0.0674614526633,0.22365249287,0.829291930357,1.0,-0.276218208789,-0.0388549506242,0.494421196347,0.489797066237,0.218998825109,0.234712560438,-0.129189368969,0.0601947905269,0.107512364346,0.0705568827283,-0.0332187921586,0.575407835421,0.293363207269,0.240264872908,0.23608342174,0.0167273926001,0.366890751413,-0.149706087149,0.140739309309,0.0874853553747,0.36177711019,0.394882900973,0.230298803807,0.450579723933
2ndFlrSF,0.0551106154902,0.119356357677,0.0631619612415,-0.1912361451,-0.101563807616,0.0597743467679,-0.28608736587,-0.276218208789,1.0,0.0578209957052,0.642856675421,0.0979850135039,0.0710472657428,0.22512112525,0.0457930872681,-0.0228611364701,0.0121733134153,0.0613755310636,-0.00531329417431,0.293597988222,0.0297159636162,0.0730491283793,-0.181568654215,-0.0268104916921,0.384186674051,0.625272404276,0.510443305047,0.0544568147098,0.587189066754,0.188703750422,0.0730966925786,0.156499475858
LowQualFinSF,-0.0302303449676,-0.0202545405464,-0.106994250361,-0.0790542793921,0.001716471945,0.0203568784361,-0.0810982015878,-0.0388549506242,0.0578209957052,1.0,0.0637061788837,-0.0479111441012,-0.0421030344115,0.0103202441508,0.0475466575751,0.0224317526178,-0.0185779573694,0.0656746675576,0.0291233948952,-0.067719154079,-0.145935855756,-0.0645418785045,-0.0607108255647,-0.0103061679544,0.000382762669606,-0.0193864258343,0.0212110719071,-0.00400660221989,0.0424511253619,-0.0437563594195,-0.0283703165483,-0.0742855611316
GrLivArea,0.375844042546,0.449039505613,0.322678432456,0.057470743612,-0.0515067656876,0.253340435449,0.371025693035,0.494421196347,0.642856675421,0.0637061788837,1.0,0.468211412293,0.22715779274,0.398312434554,-0.0490569415557,0.03391196717,0.0856299750599,0.0682977211527,-0.0489685251564,0.731309583466,0.288493024592,0.282400246646,0.00897959289818,-0.0268391766319,0.658419243884,0.437127875428,0.542947739819,0.122964337185,0.827874323116,0.480804218966,0.281306277619,0.505094319663
GarageArea,0.378051820112,0.367153493835,0.364754808767,0.244161292177,-0.00729510606564,0.109166747313,0.486685440256,0.489797066237,0.0979850135039,-0.0479111441012,0.468211412293,1.0,0.247633277141,0.338430161761,-0.17799284753,0.0362997678119,0.0290711907105,0.0423868005662,-0.0359175861539,0.649378533887,0.528281347925,0.398266781073,0.203277369683,-0.0224911451175,0.444459484475,0.160576214724,0.11200861122,-0.0319336803402,0.330548997421,0.264543383118,0.591888979809,0.853317376608
WoodDeckSF,0.109288009465,0.184285238156,0.173736001968,0.179359446567,0.0693425174995,-0.0348661510584,0.231044559772,0.218998825109,0.0710472657428,-0.0421030344115,0.22715779274,0.247633277141,1.0,0.124199664036,-0.158256543801,-0.0277598581655,-0.0902288715104,0.0502449562127,0.017016716703,0.353801607959,0.287729076783,0.230240737881,0.169186560297,0.0494990770389,0.226373867857,0.108268342161,0.0555786954717,-0.0983635721817,0.164979544553,0.213781270262,0.274373087512,0.255636714894
OpenPorchSF,0.178073167874,0.176964678544,0.208681025923,0.081420182172,-0.0689906577678,0.156126904682,0.270321399534,0.234712560438,0.22512112525,0.0103202441508,0.398312434554,0.338430161761,0.124199664036,1.0,-0.168911472679,0.0171228845495,0.0065655371463,0.0368901967885,-0.0347940117944,0.477560662283,0.392691145987,0.353324824789,0.0856717188868,-0.0405004014395,0.370152491407,0.267979704671,0.0998316436711,-0.112484221293,0.285001599822,0.21872669856,0.39418466201,0.342701288135
EnclosedPorch,-0.0958107502097,-0.0665631700894,-0.179589075377,-0.148339296071,0.0415239649122,0.0442416131581,-0.171537745851,-0.129189368969,0.0457930872681,0.0475466575751,-0.0490569415557,-0.17799284753,-0.158256543801,-0.168911472679,1.0,-0.03879025942,-0.0807159070662,0.0039953609627,0.038746065106,-0.218393620552,-0.408622180658,-0.235037229846,-0.0734474003607,-0.0367996496628,-0.159420304619,-0.127762673906,0.00230262407559,0.0351810655462,-0.0287341792159,-0.0609321890932,-0.31743770221,-0.211429430702
3SsnPorch,0.0639596416408,0.0622820518473,0.0409968573924,0.0468016326074,-0.0160789277035,0.0134178232627,0.0491725227011,0.0601947905269,-0.0228611364701,0.0224317526178,0.03391196717,0.0362997678119,-0.0277598581655,0.0171228845495,-0.03879025942,1.0,-0.0379352071223,-0.00897270079185,0.00498046614943,0.0654402162006,0.0224976613443,0.051694366747,0.0102036380037,0.0615295173111,0.0373229408204,-0.000677166793035,-0.0186861453168,-0.027730495428,-0.00263970443423,0.0357905659251,0.0169353570484,0.035538337748
ScreenPorch,0.043848671496,0.0923155657804,0.0381710901076,0.0719892625026,0.0587158548403,-0.0124469300572,0.0886903860661,0.107512364346,0.0121733134153,-0.0185779573694,0.0856299750599,0.0290711907105,-0.0902288715104,0.0065655371463,-0.0807159070662,-0.0379352071223,1.0,0.0190346804015,0.0154346137403,0.100069720201,-0.0731187690023,-0.0458082019038,0.0302531814212,0.0379355984882,-0.0372359559328,0.0591583328802,0.0338075923638,-0.0517644867851,0.0322860620285,0.179235005836,-0.0997485774621,0.0258374704225
PoolArea,0.0845340575023,0.0844595368533,0.00486255720672,0.0575864806945,0.0680756662385,-0.0368090835299,0.0470668127078,0.0705568827283,0.0613755310636,0.0656746675576,0.0682977211527,0.0423868005662,0.0502449562127,0.0368901967885,0.0039953609627,-0.00897270079185,0.0190346804015,1.0,0.0415443431062,0.0584529966899,0.0089859894728,0.00282105869177,0.069111657408,0.0259569169705,0.0422118354542,0.027421163415,0.0717342962559,-0.0148889335981,0.059385644299,0.0838756924147,-0.00732972016731,0.0217828915965
MiscVal,0.0241977133248,0.0592974897729,-0.0502785571367,0.00509740275061,0.0303631668103,-0.044460141598,-0.0611796878755,-0.0332187921586,-0.00531329417431,0.0291233948952,-0.0489685251564,-0.0359175861539,0.017016716703,-0.0347940117944,0.038746065106,0.00498046614943,0.0154346137403,0.0415443431062,1.0,-0.0627270024963,-0.0917860515773,-0.0908684765095,-0.00670063618884,0.0324807663917,-0.0487281240845,-0.0329661889762,0.0125031625622,0.0299481332413,-0.0214629341743,-0.00754565897696,-0.0670907830222,-0.0575363452935
SalePrice,0.409075517955,0.456460583391,0.421309499329,0.30187120358,-0.0388061320459,0.185196629421,0.602725444892,0.575407835421,0.293597988222,-0.067719154079,0.731309583466,0.649378533887,0.353801607959,0.477560662283,-0.218393620552,0.0654402162006,0.100069720201,0.0584529966899,-0.0627270024963,1.0,0.652681546285,0.571158978058,0.225124867196,-0.0121888763108,0.63595705625,0.343007549186,0.23490671789,-0.164825754985,0.532585935117,0.519247449837,0.593788326196,0.69071096705
YearBuilt,0.194510069117,0.103384996606,0.402349038636,0.189644721612,-0.111692499318,0.139014491097,0.427187206469,0.293363207269,0.0297159636162,-0.145935855756,0.288493024592,0.528281347925,0.287729076783,0.392691145987,-0.408622180658,0.0224976613443,-0.0731187690023,0.0089859894728,-0.0917860515773,0.652681546285,1.0,0.684387893788,0.162080397598,-0.0663127320124,0.537419566254,0.244900923484,-0.0352569539892,-0.155604105077,0.176820439753,0.174654833826,0.890546387209,0.601518929928
YearRemodAdd,0.116772267297,0.0751580951691,0.234332632386,0.0633526657128,-0.126086034951,0.176921209812,0.299042115792,0.240264872908,0.0730491283793,-0.0645418785045,0.282400246646,0.398266781073,0.230240737881,0.353324824789,-0.235037229846,0.051694366747,-0.0458082019038,0.00282105869177,-0.0908684765095,0.571158978058,0.684387893788,1.0,0.0999043053055,-0.0314945768461,0.431389659017,0.151562350064,-0.0543707181141,-0.154208480678,0.198243250591,0.119270245265,0.722376982085,0.456245303324
BsmtFullBath,0.0859899804132,0.0956090347679,0.121003992406,0.674174505572,0.154020862512,-0.447472423934,0.301537797564,0.23608342174,-0.181568654215,-0.0607108255647,0.00897959289818,0.203277369683,0.169186560297,0.0856717188868,-0.0734474003607,0.0102036380037,0.0302531814212,0.069111657408,-0.00670063618884,0.225124867196,0.162080397598,0.0999043053055,1.0,-0.15064415472,-0.0563790029839,-0.041999241653,-0.122450700165,-0.0632077115105,-0.0662892562039,0.118347551591,0.0951041342326,0.142808345333
BsmtHalfBath,-0.00385399827247,0.0459695741964,0.032869622848,0.0907120690554,0.124688879422,-0.097733528534,0.000279284909886,0.0167273926001,-0.0268104916921,-0.0103061679544,-0.0268391766319,-0.0224911451175,0.0494990770389,-0.0405004014395,-0.0367996496628,0.0615295173111,0.0379355984882,0.0259569169705,0.0324807663917,-0.0121888763108,-0.0663127320124,-0.0314945768461,-0.15064415472,1.0,-0.0492822801966,-0.0329753785225,0.0455976450013,-0.024328847362,-0.0278812926464,0.0338783357059,-0.0962523747464,-0.0293224312187
FullBath,0.220233586752,0.235376629649,0.290366109969,0.0119855411776,-0.105592112624,0.250857767211,0.328036470719,0.366890751413,0.384186674051,0.000382762669606,0.658419243884,0.444459484475,0.226373867857,0.370152491407,-0.159420304619,0.0373229408204,-0.0372359559328,0.0422118354542,-0.0487281240845,0.63595705625,0.537419566254,0.431389659017,-0.0563790029839,-0.0492822801966,1.0,0.155229564676,0.336514761549,0.149180714254,0.55866465531,0.268547773466,0.538795545738,0.51831046206
HalfBath,0.0967772341679,0.142658037142,0.168776383596,-0.0139072652328,-0.0497040758951,-0.00418164715392,-0.104724876631,-0.149706087149,0.625272404276,-0.0193864258343,0.437127875428,0.160576214724,0.108268342161,0.267979704671,-0.127762673906,-0.000677166793035,0.0591583328802,0.027421163415,-0.0329661889762,0.343007549186,0.244900923484,0.151562350064,-0.041999241653,-0.0329753785225,0.155229564676,1.0,0.27589778594,-0.0950684701988,0.359000951561,0.219695660147,0.187363624104,0.229912311145
BedroomAbvGr,0.327678970532,0.337787912332,0.113137176206,-0.0841636760681,0.00976695164855,0.157728816135,0.0585495763451,0.140739309309,0.510443305047,0.0212110719071,0.542947739819,0.11200861122,0.0555786954717,0.0998316436711,0.00230262407559,-0.0186861453168,0.0338075923638,0.0717342962559,0.0125031625622,0.23490671789,-0.0352569539892,-0.0543707181141,-0.122450700165,0.0455976450013,0.336514761549,0.27589778594,1.0,0.172529872831,0.667822336343,0.142183487523,-0.0558639671574,0.118496529284
KitchenAbvGr,0.00223114739211,-0.0227520817226,-0.0493868514728,-0.106368752928,-0.0372561372798,0.000273157289227,-0.0248722033937,0.0874853553747,0.0544568147098,-0.00400660221989,0.122964337185,-0.0319336803402,-0.0983635721817,-0.112484221293,0.0351810655462,-0.027730495428,-0.0517644867851,-0.0148889335981,0.0299481332413,-0.164825754985,-0.155604105077,-0.154208480678,-0.0632077115105,-0.024328847362,0.149180714254,-0.0950684701988,0.172529872831,1.0,0.22188967184,-0.138718276802,-0.112130428522,-0.0285033496461
TotRmsAbvGrd,0.36599927314,0.405923863118,0.263911713482,-0.0500624581359,-0.0593623733326,0.26106861637,0.233912671002,0.36177711019,0.587189066754,0.0424511253619,0.827874323116,0.330548997421,0.164979544553,0.285001599822,-0.0287341792159,-0.00263970443423,0.0322860620285,0.059385644299,-0.0214629341743,0.532585935117,0.176820439753,0.198243250591,-0.0662892562039,-0.0278812926464,0.55866465531,0.359000951561,0.667822336343,0.22188967184,1.0,0.346828649621,0.198481035582,0.3862444698
Fireplaces,0.245314744342,0.350198394123,0.255626752559,0.192264355854,0.0298860007332,0.0719388009286,0.325686982677,0.394882900973,0.188703750422,-0.0437563594195,0.480804218966,0.264543383118,0.213781270262,0.21872669856,-0.0609321890932,0.0357905659251,0.179235005836,0.0838756924147,-0.00754565897696,0.519247449837,0.174654833826,0.119270245265,0.118347551591,0.0338783357059,0.268547773466,0.219695660147,0.142183487523,-0.138718276802,0.346828649621,1.0,0.0846994132319,0.325519893119
GarageYrBlt,0.115694338195,0.0417960565317,0.305964057784,0.0789350961869,-0.153578881462,0.192027465334,0.338223610162,0.230298803807,0.0730966925786,-0.0283703165483,0.281306277619,0.591888979809,0.274373087512,0.39418466201,-0.31743770221,0.0169353570484,-0.0997485774621,-0.00732972016731,-0.0670907830222,0.593788326196,0.890546387209,0.722376982085,0.0951041342326,-0.0962523747464,0.538795545738,0.187363624104,-0.0558639671574,-0.112130428522,0.198481035582,0.0846994132319,1.0,0.630966161133
GarageCars,0.351756065832,0.340195277042,0.401605900346,0.181380815241,-0.0641664092795,0.161053028867,0.455507894704,0.450579723933,0.156499475858,-0.0742855611316,0.505094319663,0.853317376608,0.255636714894,0.342701288135,-0.211429430702,0.035538337748,0.0258374704225,0.0217828915965,-0.0575363452935,0.69071096705,0.601518929928,0.456245303324,0.142808345333,-0.0293224312187,0.51831046206,0.229912311145,0.118496529284,-0.0285033496461,0.3862444698,0.325519893119,0.630966161133,1.0
